
=== AAPL — DIFFERENCED PRICES — autocovariance gamma_b(k) ===
Time-block stationarity — AAPL
  8730 points in 10 time blocks of ~873

  per time block
    block          mean      variance
        0     -0.000054      0.000066
        1     -0.000057      0.000046
        2     +0.000087      0.000643
        3     +0.001535      0.000324
        4     +0.002195      0.009990
        5     +0.018769      0.033303
        6     +0.004542      0.118969
        7     +0.031175      0.373593
        8     +0.106753      6.678247
        9     +0.197563     13.264398

  gamma_b(k) — rows are time blocks, columns are lags
    block        1        2        3        4        5        6        7        8        9       10
        0   0.0000  -0.0000   0.0000   0.0000  -0.0000   0.0000  -0.0000   0.0000  -0.0000   0.0000
        1   0.0000  -0.0000  -0.0000  -0.0000   0.0000  -0.0000  -0.0000   0.0000  -0.0000  -0.0000
        2  -0.0001   0.0001  -0.0000   0.0000  -0.0000   0.0000   0.0000   0.0000  -0.0001  -0.0000
        3   0.0000  -0.0000  -0.0000   0.0000  -0.0000  -0.0000  -0.0000  -0.0000   0.0000   0.0000
        4  -0.0002  -0.0004   0.0004   0.0007   0.0007  -0.0005   0.0005   0.0003  -0.0002   0.0005
        5   0.0009   0.0004  -0.0025  -0.0003  -0.0008   0.0013  -0.0031  -0.0022  -0.0012   0.0048
        6  -0.0015  -0.0055  -0.0007   0.0015  -0.0052  -0.0002   0.0058  -0.0044   0.0019  -0.0021
        7   0.0020  -0.0164  -0.0065   0.0051   0.0089   0.0063   0.0439  -0.0345   0.0130   0.0007
        8  -0.4005  -0.1566  -0.1865  -0.0217   0.4091  -0.1711   0.1886  -0.3916   0.3497  -0.3037
        9   0.9345   0.6265  -0.5247  -0.9053  -1.1963  -0.1603  -0.0787  -0.1499   0.5106   0.0828

    -----------------------------------------------------------------------------------------------
   avg     0.0535   0.0448  -0.0721  -0.0920  -0.0784  -0.0324   0.0157  -0.0582   0.0874  -0.0217
    sd     0.3170   0.1993   0.1607   0.2712   0.3921   0.0667   0.0642   0.1196   0.1752   0.0972

  gamma(k) should not depend on t: read DOWN a column (one lag,
  every block) for drift; the sd row is how much that lag moves.

=== ADBE — DIFFERENCED PRICES — autocovariance gamma_b(k) ===
Time-block stationarity — ADBE
  8730 points in 10 time blocks of ~873

  per time block
    block          mean      variance
        0     +0.003787      0.013932
        1     -0.001355      0.034323
        2     +0.014606      1.148089
        3     +0.014242      0.261974
        4     -0.006598      0.714745
        5     +0.008946      0.403933
        6     +0.069748      1.184911
        7     +0.219381     13.164609
        8     +0.040779    111.710366
        9     -0.055063     89.764398

  gamma_b(k) — rows are time blocks, columns are lags
    block        1        2        3        4        5        6        7        8        9       10
        0  -0.0010   0.0009  -0.0012   0.0011  -0.0011  -0.0001  -0.0005   0.0007  -0.0005   0.0001
        1   0.0007   0.0001  -0.0018   0.0006   0.0002  -0.0010   0.0011   0.0010  -0.0006  -0.0019
        2  -0.1757  -0.0044  -0.1121   0.1041  -0.0354  -0.0217   0.0511  -0.0939   0.0882  -0.1181
        3  -0.0013  -0.0019   0.0004  -0.0101   0.0016   0.0026  -0.0073  -0.0025  -0.0079  -0.0150
        4  -0.0226  -0.0475   0.0595  -0.0063  -0.0343   0.0057  -0.0298   0.0681  -0.0116   0.0016
        5  -0.0156  -0.0038  -0.0112   0.0217  -0.0041  -0.0106  -0.0149  -0.0147  -0.0299   0.0113
        6   0.0442  -0.0520   0.0344  -0.1213  -0.0807  -0.0512  -0.0219   0.0660   0.0271  -0.0515
        7  -1.4539  -1.0653   0.3286  -0.7890  -0.1238  -0.3010   0.5084  -1.2885   0.4795   0.3745
        8 -12.5496   7.4548  -3.6238  -2.1329  -0.4607  -3.2959   5.6205  -6.7801  12.9439  -3.5294
        9   1.1521  -0.3865  -1.7939   1.1403   2.0745  -4.6655  -0.4988   3.7951   2.6214  -2.0707

    -----------------------------------------------------------------------------------------------
   avg    -1.3023   0.5895  -0.5121  -0.1792   0.1336  -0.8339   0.5608  -0.4249   1.6110  -0.5399
    sd     3.7948   2.3106   1.1770   0.7859   0.6604   1.6053   1.7017   2.4545   3.8562   1.1827

  gamma(k) should not depend on t: read DOWN a column (one lag,
  every block) for drift; the sd row is how much that lag moves.

=== AMAT — DIFFERENCED PRICES — autocovariance gamma_b(k) ===
Time-block stationarity — AMAT
  8730 points in 10 time blocks of ~873

  per time block
    block          mean      variance
        0     +0.003550      0.002484
        1     +0.003460      0.034386
        2     +0.010937      0.813704
        3     -0.004187      0.132706
        4     -0.004125      0.083014
        5     +0.000521      0.036992
        6     +0.010436      0.071001
        7     +0.032951      0.668375
        8     +0.070187      8.261231
        9     +0.444258     96.290871

  gamma_b(k) — rows are time blocks, columns are lags
    block        1        2        3        4        5        6        7        8        9       10
        0   0.0003  -0.0003  -0.0000   0.0001  -0.0001  -0.0001  -0.0003  -0.0000   0.0001  -0.0000
        1   0.0025  -0.0032  -0.0020   0.0023   0.0009  -0.0029  -0.0023   0.0031   0.0005  -0.0004
        2  -0.0468  -0.0528  -0.0273  -0.0162  -0.0657   0.0046   0.0159  -0.0595   0.0003   0.0042
        3  -0.0094  -0.0031  -0.0020   0.0010   0.0083   0.0058  -0.0032  -0.0028  -0.0033  -0.0130
        4  -0.0059  -0.0050  -0.0027  -0.0019  -0.0012   0.0015  -0.0052  -0.0003   0.0036   0.0021
        5  -0.0019   0.0012   0.0003  -0.0004  -0.0002  -0.0000  -0.0013  -0.0023  -0.0004   0.0015
        6   0.0012  -0.0015   0.0023  -0.0000  -0.0037   0.0048   0.0015  -0.0037  -0.0017  -0.0011
        7  -0.0242  -0.0156   0.0903  -0.0082  -0.0317  -0.0317   0.0208  -0.0514   0.0126  -0.0086
        8  -0.8533   0.4036  -0.5223  -0.2740   0.3570  -0.3292   0.7985  -0.7641   0.0672  -0.2741
        9  -7.2232  -9.2305   9.7210 -14.5364  -9.5903   4.6381  12.3422  -0.8993   9.3727  -3.8851

    -----------------------------------------------------------------------------------------------
   avg    -0.8161  -0.8907   0.9258  -1.4834  -0.9327   0.4291   1.3167  -0.1780   0.9452  -0.4175
    sd     2.1505   2.7827   2.9361   4.3518   2.8881   1.4064   3.6828   0.3289   2.8093   1.1587

  gamma(k) should not depend on t: read DOWN a column (one lag,
  every block) for drift; the sd row is how much that lag moves.

=== CSCO — DIFFERENCED PRICES — autocovariance gamma_b(k) ===
Time-block stationarity — CSCO
  8730 points in 10 time blocks of ~873

  per time block
    block          mean      variance
        0     +0.001505      0.000647
        1     +0.010517      0.025328
        2     -0.002835      0.989285
        3     +0.002967      0.068923
        4     +0.000705      0.101050
        5     +0.000825      0.061684
        6     +0.009717      0.059731
        7     +0.021972      0.214257
        8     +0.004887      0.546207
        9     +0.076092      1.617474

  gamma_b(k) — rows are time blocks, columns are lags
    block        1        2        3        4        5        6        7        8        9       10
        0   0.0000  -0.0001  -0.0000   0.0000  -0.0000  -0.0000  -0.0000   0.0000   0.0000  -0.0000
        1   0.0001   0.0011  -0.0008   0.0004  -0.0003  -0.0026  -0.0006  -0.0014   0.0004  -0.0013
        2  -0.1221  -0.0194  -0.0318  -0.0233  -0.0063  -0.0358   0.0287  -0.0540   0.0070   0.0235
        3  -0.0017  -0.0022  -0.0021   0.0024   0.0023   0.0016  -0.0027  -0.0003  -0.0023  -0.0011
        4  -0.0046  -0.0115  -0.0000  -0.0018   0.0015  -0.0018   0.0017  -0.0026   0.0013   0.0036
        5  -0.0006   0.0026  -0.0016  -0.0019  -0.0007  -0.0028   0.0007  -0.0012  -0.0004  -0.0016
        6  -0.0008   0.0006   0.0032  -0.0043   0.0037  -0.0002  -0.0015   0.0017  -0.0003  -0.0005
        7  -0.0015  -0.0082   0.0077  -0.0104  -0.0080   0.0128   0.0026  -0.0098   0.0050  -0.0086
        8  -0.0648  -0.0032  -0.0047  -0.0031   0.0028  -0.0353   0.0650  -0.0341   0.0416  -0.0059
        9  -0.0160   0.1035  -0.1718  -0.0788  -0.0685   0.1919  -0.1288   0.0496   0.0044   0.0525

    -----------------------------------------------------------------------------------------------
   avg    -0.0212   0.0063  -0.0202  -0.0121  -0.0074   0.0128  -0.0035  -0.0052   0.0057   0.0061
    sd     0.0386   0.0330   0.0515   0.0233   0.0207   0.0616   0.0464   0.0253   0.0123   0.0175

  gamma(k) should not depend on t: read DOWN a column (one lag,
  every block) for drift; the sd row is how much that lag moves.

=== IBM — DIFFERENCED PRICES — autocovariance gamma_b(k) ===
Time-block stationarity — IBM
  8730 points in 10 time blocks of ~873

  per time block
    block          mean      variance
        0     +0.001868      0.015711
        1     +0.030730      0.172920
        2     -0.000444      1.790654
        3     +0.005366      0.393471
        4     +0.012807      0.719437
        5     +0.071356      1.067921
        6     -0.027920      1.539225
        7     +0.010888      1.527507
        8     +0.017805      3.152058
        9     +0.138670     26.114705

  gamma_b(k) — rows are time blocks, columns are lags
    block        1        2        3        4        5        6        7        8        9       10
        0   0.0005  -0.0007   0.0006  -0.0003   0.0007   0.0003   0.0002  -0.0001  -0.0003   0.0002
        1   0.0017  -0.0120  -0.0031   0.0005  -0.0067  -0.0003   0.0019   0.0011   0.0010   0.0049
        2  -0.0997  -0.0236  -0.0519   0.0783  -0.0569   0.0115   0.0533  -0.0182   0.0686   0.0692
        3  -0.0019   0.0262   0.0047   0.0241  -0.0167   0.0183  -0.0188   0.0230  -0.0308  -0.0130
        4  -0.0248  -0.0069   0.0448  -0.0265  -0.0430  -0.0144   0.0025  -0.0398   0.0010   0.0746
        5  -0.0131   0.0453  -0.0699  -0.0117  -0.1065  -0.0100  -0.0386  -0.0830  -0.0246   0.0384
        6   0.0534  -0.0496  -0.0196  -0.0384   0.0231  -0.0515  -0.0453  -0.0658   0.0630   0.0411
        7  -0.0372  -0.0262   0.0553  -0.0268  -0.0104  -0.0080   0.0104   0.0812   0.0273   0.0247
        8  -0.0964   0.1175  -0.0692  -0.1310   0.1625  -0.2056   0.4235  -0.2587   0.2040  -0.0617
        9   1.6312   1.1309  -0.7358   0.0170  -0.1887   0.0728  -0.4310  -1.2997  -0.8052  -1.9220

    -----------------------------------------------------------------------------------------------
   avg     0.1414   0.1201  -0.0844  -0.0115  -0.0243  -0.0187  -0.0042  -0.1660  -0.0496  -0.1743
    sd     0.4985   0.3399   0.2209   0.0509   0.0858   0.0690   0.1928   0.3874   0.2601   0.5838

  gamma(k) should not depend on t: read DOWN a column (one lag,
  every block) for drift; the sd row is how much that lag moves.

=== INTC — DIFFERENCED PRICES — autocovariance gamma_b(k) ===
Time-block stationarity — INTC
  8730 points in 10 time blocks of ~873

  per time block
    block          mean      variance
        0     +0.003574      0.001693
        1     +0.011387      0.050625
        2     +0.001018      0.718514
        3     -0.001069      0.104728
        4     -0.004214      0.079701
        5     +0.006786      0.053023
        6     +0.011481      0.106469
        7     +0.021324      0.406381
        8     -0.023062      1.347017
        9     +0.078193      4.839022

  gamma_b(k) — rows are time blocks, columns are lags
    block        1        2        3        4        5        6        7        8        9       10
        0   0.0001  -0.0000  -0.0000   0.0001  -0.0001  -0.0000  -0.0000  -0.0000  -0.0000   0.0001
        1  -0.0008   0.0017  -0.0020  -0.0002   0.0016  -0.0019  -0.0007  -0.0002  -0.0028   0.0005
        2  -0.0204  -0.0146  -0.0749   0.0281   0.0183  -0.0070   0.0561  -0.0806  -0.0077   0.0193
        3  -0.0030   0.0013  -0.0073   0.0032  -0.0034   0.0039   0.0008   0.0057   0.0023  -0.0042
        4  -0.0045  -0.0029   0.0070  -0.0070  -0.0010   0.0025  -0.0039   0.0006   0.0002   0.0030
        5  -0.0001   0.0023   0.0019  -0.0036  -0.0022  -0.0026   0.0008  -0.0030  -0.0014   0.0030
        6  -0.0040  -0.0006   0.0027  -0.0000   0.0021  -0.0035   0.0017   0.0008  -0.0034   0.0038
        7  -0.0280   0.0042   0.0303  -0.0179  -0.0309   0.0053   0.0226  -0.0218   0.0090   0.0191
        8  -0.2871   0.1407   0.0107  -0.0614   0.0639  -0.1211   0.1062  -0.1751   0.2058  -0.1011
        9   0.0566  -0.6215   0.8319  -0.0426  -0.2225   0.1633   0.6592  -0.2630  -0.1279   0.3746

    -----------------------------------------------------------------------------------------------
   avg    -0.0291  -0.0490   0.0800  -0.0101  -0.0174   0.0039   0.0843  -0.0537   0.0074   0.0318
    sd     0.0885   0.1955   0.2519   0.0240   0.0720   0.0642   0.1945   0.0883   0.0764   0.1188

  gamma(k) should not depend on t: read DOWN a column (one lag,
  every block) for drift; the sd row is how much that lag moves.

=== MSFT — DIFFERENCED PRICES — autocovariance gamma_b(k) ===
Time-block stationarity — MSFT
  8730 points in 10 time blocks of ~873

  per time block
    block          mean      variance
        0     +0.002133      0.001200
        1     +0.015902      0.043934
        2     -0.002581      0.414073
        3     +0.002720      0.078404
        4     -0.003230      0.145483
        5     +0.011057      0.087505
        6     +0.026314      0.299089
        7     +0.096309      1.465612
        8     +0.128164     20.098829
        9     +0.276497     43.222242

  gamma_b(k) — rows are time blocks, columns are lags
    block        1        2        3        4        5        6        7        8        9       10
        0  -0.0000  -0.0002  -0.0000   0.0001   0.0000  -0.0000  -0.0000  -0.0000  -0.0001   0.0000
        1  -0.0006  -0.0019   0.0028   0.0006   0.0039  -0.0043  -0.0040   0.0020  -0.0002  -0.0027
        2  -0.0027   0.0175  -0.0310  -0.0192   0.0294   0.0204   0.0199  -0.0018  -0.0023   0.0185
        3  -0.0095   0.0002  -0.0013   0.0004  -0.0007  -0.0005  -0.0032   0.0057  -0.0051  -0.0042
        4  -0.0122  -0.0109   0.0142  -0.0120  -0.0026  -0.0001  -0.0096  -0.0047   0.0026   0.0044
        5  -0.0044   0.0037  -0.0031  -0.0022  -0.0040   0.0020   0.0002  -0.0009  -0.0019   0.0032
        6   0.0129  -0.0127  -0.0021  -0.0169  -0.0139  -0.0204  -0.0066  -0.0130  -0.0044   0.0093
        7  -0.2008  -0.1618   0.1319  -0.0943  -0.1452   0.0377   0.0858  -0.1727   0.0403   0.0188
        8  -2.2469   0.0913  -0.9145   0.1925   0.8060  -1.8890   1.2194  -1.7529   2.5048  -1.2449
        9   1.5056   0.2891   1.2053  -1.3360   1.7115  -1.6211  -2.3728   0.7561  -0.1197   1.9172

    -----------------------------------------------------------------------------------------------
   avg    -0.0959   0.0214   0.0402  -0.1287   0.2384  -0.3475  -0.1071  -0.1182   0.2414   0.0720
    sd     0.8523   0.1068   0.4787   0.4082   0.5507   0.7065   0.8373   0.5945   0.7555   0.7193

  gamma(k) should not depend on t: read DOWN a column (one lag,
  every block) for drift; the sd row is how much that lag moves.

=== ORCL — DIFFERENCED PRICES — autocovariance gamma_b(k) ===
Time-block stationarity — ORCL
  8730 points in 10 time blocks of ~873

  per time block
    block          mean      variance
        0     +0.002015      0.000929
        1     +0.002467      0.012242
        2     +0.002701      0.724235
        3     +0.003565      0.048270
        4     +0.006339      0.106040
        5     +0.011387      0.150554
        6     +0.011856      0.184710
        7     +0.014414      0.300793
        8     +0.042247      1.549764
        9     +0.067446     31.446595

  gamma_b(k) — rows are time blocks, columns are lags
    block        1        2        3        4        5        6        7        8        9       10
        0  -0.0000  -0.0001  -0.0001  -0.0000  -0.0000  -0.0000  -0.0000   0.0000  -0.0000  -0.0000
        1  -0.0006  -0.0003  -0.0001  -0.0006   0.0005  -0.0001  -0.0004   0.0007  -0.0007   0.0002
        2  -0.0339  -0.0989   0.0041   0.0220  -0.0410  -0.0168   0.0097  -0.0145  -0.0066   0.0449
        3  -0.0054   0.0019  -0.0002  -0.0054   0.0002   0.0010  -0.0012  -0.0002  -0.0018  -0.0029
        4  -0.0155  -0.0034   0.0004  -0.0094   0.0016   0.0015   0.0029  -0.0030  -0.0006   0.0025
        5  -0.0074  -0.0014  -0.0036   0.0070  -0.0008   0.0022  -0.0014  -0.0012  -0.0006   0.0083
        6  -0.0026   0.0016   0.0015  -0.0054  -0.0097  -0.0086  -0.0080   0.0003  -0.0091  -0.0096
        7  -0.0042  -0.0135   0.0085   0.0033   0.0030  -0.0003   0.0065  -0.0295  -0.0090   0.0041
        8  -0.0957  -0.0157   0.0041   0.0363  -0.0292  -0.1159   0.1177  -0.1931   0.1553  -0.1212
        9   0.6969  -1.4295   1.7714  -0.5770  -1.2508  -1.5116  -0.6053   3.0947  -1.6708   1.3229

    -----------------------------------------------------------------------------------------------
   avg     0.0532  -0.1559   0.1786  -0.0529  -0.1326  -0.1649  -0.0480   0.2854  -0.1544   0.1249
    sd     0.2163   0.4255   0.5310   0.1752   0.3730   0.4502   0.1891   0.9381   0.5077   0.4014

  gamma(k) should not depend on t: read DOWN a column (one lag,
  every block) for drift; the sd row is how much that lag moves.

=== QCOM — DIFFERENCED PRICES — autocovariance gamma_b(k) ===
Time-block stationarity — QCOM
  8730 points in 10 time blocks of ~873

  per time block
    block          mean      variance
        0     +0.000671      0.000916
        1     +0.001440      0.004308
        2     +0.006793      1.492532
        3     +0.021749      0.135464
        4     -0.000412      0.426184
        5     +0.018820      0.346463
        6     -0.004895      0.515451
        7     +0.032504      1.025530
        8     +0.054664      9.189661
        9     +0.053744     19.465168

  gamma_b(k) — rows are time blocks, columns are lags
    block        1        2        3        4        5        6        7        8        9       10
        0   0.0001  -0.0001  -0.0000  -0.0000  -0.0000  -0.0000   0.0000   0.0000   0.0000   0.0000
        1  -0.0000  -0.0002   0.0000   0.0002  -0.0000  -0.0000  -0.0000   0.0000   0.0000  -0.0001
        2  -0.1547   0.1052  -0.0328  -0.1022  -0.0346  -0.1470   0.1542   0.0640  -0.0204  -0.0287
        3  -0.0113   0.0037  -0.0012   0.0000  -0.0022  -0.0036   0.0050  -0.0066   0.0064  -0.0066
        4  -0.0277  -0.0412   0.0076  -0.0147  -0.0028  -0.0249  -0.0179   0.0187  -0.0207   0.0280
        5   0.0040  -0.0050  -0.0191  -0.0006  -0.0026  -0.0008  -0.0085   0.0021  -0.0043   0.0250
        6   0.0035  -0.0574   0.0088  -0.0354  -0.0252   0.0139  -0.0093  -0.0116   0.0270   0.0104
        7   0.1093   0.0841   0.0986   0.0712  -0.0126  -0.0615   0.0874  -0.0466   0.0522   0.0252
        8  -0.8618   0.1074  -0.6225  -0.0521   0.2564  -0.2250   0.6033  -0.5771   0.5153  -0.5165
        9  -1.2223  -0.8082   1.6762   0.5332  -2.1493  -0.5252   0.9244  -1.3400   0.2045   0.1177

    -----------------------------------------------------------------------------------------------
   avg    -0.2161  -0.0612   0.1116   0.0400  -0.1973  -0.0974   0.1739  -0.1897   0.0760  -0.0346
    sd     0.4250   0.2550   0.5553   0.1697   0.6556   0.1606   0.3079   0.4214   0.1594   0.1648

  gamma(k) should not depend on t: read DOWN a column (one lag,
  every block) for drift; the sd row is how much that lag moves.

=== TXN — DIFFERENCED PRICES — autocovariance gamma_b(k) ===
Time-block stationarity — TXN
  8730 points in 10 time blocks of ~873

  per time block
    block          mean      variance
        0     +0.003706      0.003041
        1     +0.006178      0.041435
        2     +0.008129      1.338558
        3     +0.001815      0.145261
        4     -0.008394      0.128028
        5     +0.009031      0.098450
        6     +0.027605      0.238453
        7     +0.070577      1.467025
        8     +0.055462      7.145696
        9     +0.131140     20.853439

  gamma_b(k) — rows are time blocks, columns are lags
    block        1        2        3        4        5        6        7        8        9       10
        0   0.0002  -0.0002  -0.0001  -0.0001  -0.0002  -0.0001   0.0001   0.0003  -0.0000   0.0001
        1   0.0014  -0.0025  -0.0023   0.0007   0.0015  -0.0016  -0.0028  -0.0013   0.0019   0.0008
        2   0.0634  -0.0823  -0.0899  -0.0319   0.0492  -0.0980  -0.0033  -0.1546  -0.0573   0.0444
        3   0.0006  -0.0002  -0.0147  -0.0023   0.0071  -0.0020  -0.0016  -0.0022  -0.0021  -0.0096
        4  -0.0061  -0.0042   0.0066  -0.0112  -0.0000   0.0007  -0.0036   0.0036   0.0003   0.0028
        5  -0.0057  -0.0010  -0.0045  -0.0019   0.0002  -0.0003   0.0009  -0.0018  -0.0034   0.0095
        6  -0.0058  -0.0143  -0.0003  -0.0032  -0.0112   0.0050   0.0051   0.0098  -0.0136  -0.0023
        7  -0.1375  -0.1378   0.1133  -0.0071  -0.1187  -0.0615   0.0913  -0.1326   0.0406   0.0950
        8  -1.3012   0.2649  -0.3838  -0.4502   0.6961  -0.7947   0.6459  -0.6180   0.4259  -0.0261
        9  -1.7917  -2.1179   1.2676   0.0796   0.3100   1.0013   0.6078  -1.2338   0.7064  -0.0126

    -----------------------------------------------------------------------------------------------
   avg    -0.3182  -0.2095   0.0892  -0.0428   0.0934   0.0049   0.1340  -0.2131   0.1099   0.0102
    sd     0.6256   0.6436   0.4118   0.1385   0.2259   0.4059   0.2481   0.3862   0.2376   0.0332

  gamma(k) should not depend on t: read DOWN a column (one lag,
  every block) for drift; the sd row is how much that lag moves.
